0;0,417;-0,54110802322362;-0,815596979185793;-0,0194172836641783;-1,10759910926206;0,024;0,26;0,027
0;1,519;0,517700780077467;-0,89290860326885;-0,710274226473867;-1,18327183282044;0,067;0,33;0,09
0;3,575;2,25703608003873;-1,44804399465426;-1,69431135907916;-2,36751696237756;0,1282;0,11;0,1934
0;6,585;3,39698951468342;-2,34958200423104;-2,90835286336794;-4,54012713691735;0,2076;-0,4;0,3372
0;10,549;2,07604099529049;-3,47271130683596;-4,46351137184691;-7,41202019717766;0,3052;-1,2;0,5214
0;15,467;-4,26832420966314;-4,66524147631468;-6,23000416816144;-10,894243413271;0,421;-2,29;0,746
0;21,339;-19,1934574605832;-5,72400961742078;-8,01796941568524;-14,8838575866832;0,555;-3,67;1,011
0;28,165;-47,7574828077207;-6,36417724917399;-9,55965024510676;-19,237690001553;0,7072;-5,34;1,3164
0;35,945;-97,389517859326;-6,16966801930516;-10,4602909938785;-23,74999425664;0,8776;-7,3;1,6622
0;44,679;-179,454768184822;-4,50538269366343;-10,1098496182805;-28,1140558619558;1,0662;-9,55;2,0484
0;54,367;-312,253535475521;-0,349645860042234;-7,5147057831535;-31,8486197733644;1,273;-12,09;2,475
0;65,009;-527,258869641687;8,05392577547179;-0,948451370523859;-34,1445309500515;1,498;-14,92;2,942
0;76,605;-883,566094649673;24,0026470320232;12,8558902482484;-33,5086130814801;1,7412;-18,04;3,4494
0;89,155;-1506,71025126623;54,5004625161394;40,8736112118741;-26,8048964192408;2,0026;-21,45;3,9972
0;102,659;-2718,53670896817;117,503551293625;101,036254819028;-6,04239372541061;2,2822;-25,15;4,5854
0;117,117;-5667,24538645188;277,070973808427;257,384421337393;57,2175440775044;2,58;-29,14;5,214
0;132,529;-19733,2277234416;1056,54175462523;1033,2462572285;395,168426684568;2,896;-33,42;5,883
0;148,895;30575,7881766371;-1755,85317467734;-860,764455118149;-1783,1503935571;3,2302;-37,99;6,5924
0;166,215;11355,5974690383;-689,500049236361;-396,200072024209;-721,188108179251;3,5826;-42,85;7,3422
0;184,489;8028,99552907559;-510,199149395882;-325,524131860929;-546,658677869475;3,9532;-48;8,1324
0;203,717;6750,3292863595;-445,491298518252;-306,04142466422;-487,091778047236;4,342;-53,44;8,963
0;223,899;6141,63130873752;-418,498644408812;-303,656526974601;-465,597642421651;4,749;-59,17;9,834
0;245,035;5837,75599780478;-408,849413577281;-309,342724702174;-461,793149887602;5,1742;-65,19;10,7454
0;267,125;5700,28264146813;-408,820985304533;-319,68386496377;-467,945646383214;5,6176;-71,5;11,6972
0;290,169;5665,18937268312;-414,841509194453;-333,103708065617;-480,474849842034;6,0792;-78,1;12,6894
0;314,167;5698,78894373666;-425,031528954909;-348,775262102515;-497,494465415081;6,559;-84,99;13,722
0;339,119;5781,66521794598;-438,307786884866;-366,223344372164;-517,915825843431;7,057;-92,17;14,795
0;365,025;5901,83971337858;-454,001979852926;-385,155663774707;-541,066423785451;7,5732;-99,64;15,9084
0;391,885;6051,52147218881;-471,67943173466;-405,382601367696;-566,50835662909;8,1076;-107,4;17,0622
0;419,699;6225,42425379572;-491,045208070825;-426,775762231225;-593,944236497123;8,6602;-115,45;18,2564
0;448,467;6419,83486440733;-511,892137231676;-449,245086783691;-623,165039386144;9,231;-123,79;19,491
0;478,189;6632,0685513317;-534,070426255904;-472,72550955857;-654,019582127198;9,82;-132,42;20,766
0;508,865;6860,13600307995;-557,469082368745;-497,168826079474;-686,395834587064;10,4272;-141,34;22,0814
0;540,495;7102,53186691211;-582,004114076908;-522,538542893351;-720,209036086908;11,0526;-150,55;23,4372
0;573,079;7358,09601545625;-607,610791011504;-548,806508544947;-755,39389031417;11,6962;-160,05;24,8334
0;606,617;7625,91994927795;-634,238421958111;-575,950646314172;-791,89929386616;12,358;-169,84;26,27
0;641,109;7905,28208448187;-661,84674441979;-603,953390018477;-829,684688226641;13,038;-179,92;27,747
0;676,555;8195,60203421632;-690,403373876864;-632,800580870438;-868,717480523705;13,7362;-190,29;29,2644
0;712,955;8496,40768331217;-719,881966795784;-662,480674095646;-908,971184934563;14,4526;-200,95;30,8222
0;750,309;8807,31106569575;-750,26087476011;-692,98415821621;-950,4240604353;15,1872;-211,9;32,4204
0;788,617;9127,99041599182;-781,522143071517;-724,303123209157;-993,058096971267;15,94;-223,14;34,059
0;827,879;9458,17662708053;-813,650755168427;-756,430934733799;-1036,858250434;16,711;-234,67;35,738
0;868,095;9797,64290137544;-846,634055229916;-789,361985147918;-1081,81185808707;17,5002;-246,49;37,4574
0;909,265;10146,1967503492;-880,461301794513;-823,091500932062;-1127,90818672379;18,3076;-258,6;39,2172
0;951,389;10503,6737433085;-915,123318974635;-857,615392107534;-1175,13807972546;19,1332;-271;41,0174
0;994,467;10869,9325749015;-950,612221247306;-892,930133303065;-1223,49367868936;19,977;-283,69;42,858
0;1038,499;11244,8511378237;-986,921194328305;-929,032668944875;-1272,96820189833;20,839;-296,67;44,739
0;1083,485;11628,3233695783;-1024,04431923382;-965,920337027356;-1323,55576655737;21,7192;-309,94;46,6604
0;1129,425;12020,2567009657;-1061,97642991491;-1003,59080733452;-1375,25124504682;22,6176;-323,5;48,6222
0;1176,319;12420,5699764626;-1100,71299722087;-1042,04203100189;-1428,05014784494;23,5342;-337,35;50,6244
0;1224,167;12829,1917477197;-1140,25003368063;-1081,27219905289;-1481,94852752968;24,469;-351,49;52,667
0;1272,969;13246,0588643427;-1180,58401487111;-1121,27970809322;-1536,94289956838;25,422;-365,92;54,75
0;1322,725;13671,1153032422;-1221,71181409663;-1162,06313175638;-1593,0301765728;26,3932;-380,64;56,8734
0;1373,435;14104,3111907267;-1263,63064782264;-1203,62119680161;-1650,20761342699;27,3826;-395,65;59,0372
0;1425,099;14545,6019813041;-1306,33802985316;-1245,95276300013;-1708,4727612499;28,3902;-410,95;61,2414
0;1477,717;14994,9477646555;-1349,83173265987;-1289,05680612435;-1767,82342857922;29,416;-426,54;63,486
0;1531,289;15452,312678035;-1394,10975459356;-1332,93240349375;-1828,25764849087;30,46;-442,42;65,771
0;1585,815;15917,6644058468;-1439,17029195996;-1377,57872163824;-1889,7736506232;31,5222;-458,59;68,0964
0;1641,295;16390,9737516735;-1485,01171513817;-1422,99500572461;-1952,36983727429;32,6026;-475,05;70,4622
0;1697,729;16872,2142708084;-1531,63254807506;-1469,18057045775;-2016,04476289815;33,7012;-491,8;72,8684
0;1755,117;17361,3619535399;-1579,0314506117;-1516,13479222149;-2080,79711644969;34,818;-508,84;75,315
0;1813,459;17858,3949511957;-1627,2072031956;-1563,85710226552;-2146,62570612793;35,953;-526,17;77,802
0;1872,755;18363,2933383596;-1676,15869361151;-1612,34698077917;-2213,52944614639;37,1062;-543,79;80,3294
0;1933,005;18876,0389058084;-1725,88490542634;-1661,60395171961;-2281,5073452236;38,2776;-561,7;82,8972
0;1994,209;19396,6149796364;-1776,38490789534;-1711,62757828456;-2350,55849653874;39,4672;-579,9;85,5054
0;2056,367;19925,0062627832;-1827,65784711851;-1762,41745893728;-2420,68206893965;40,675;-598,39;88,154
0;2119,479;20461,1986957934;-1879,70293827006;-1813,97322390674;-2491,87729922503;41,901;-617,17;90,843
0;2183,545;21005,1793341381;-1932,51945875214;-1866,29453209766;-2564,14348535094;43,1452;-636,24;93,5724
0;2248,565;21556,9362398465;-1986,10674214705;-1919,3810683554;-2637,47998043507;44,4076;-655,6;96,3422
0;2314,539;22116,4583855348;-2040,46417286134;-1973,23254103897;-2711,88618745193;45,6882;-675,25;99,1524
0;2381,467;22683,7355692114;-2095,59118137115;-2027,84867986219;-2787,36155452772;46,987;-695,19;102,003
0;2449,349;23258,7583384704;-2151,48723999158;-2083,22923396909;-2863,90557075747;48,304;-715,42;104,894
0;2518,185;23841,5179228902;-2208,15185910379;-2139,37397021425;-2941,51776247816;49,6392;-735,94;107,8254
0;2587,975;24432,0061736171;-2265,58458378326;-2196,28267162308;-3020,19768994077;50,9926;-756,75;110,7972
0;2658,719;25030,2155092608;-2323,78499078006;-2253,95513601036;-3099,94494433258;52,3642;-777,85;113,8094
0;2730,417;25636,1388673441;-2382,75268580929;-2312,39117473838;-3180,75914510734;53,754;-799,24;116,862
0;2803,069;26249,7696606534;-2442,48730111485;-2371,59061159837;-3262,63993758692;55,162;-820,92;119,955
0;2876,675;26871,1017379225;-2502,98849327514;-2431,55328180122;-3345,5869908028;56,5882;-842,89;123,0884
0;2951,235;27500,1293483552;-2564,25594122294;-2492,27903106524;-3429,59999554991;58,0326;-865,15;126,2622
0;3026,749;28136,8471095577;-2626,28934445563;-2553,76771479006;-3514,67866262882;59,4952;-887,7;129,4764
0;3103,217;28781,2499785033;-2689,08842141459;-2616,01919730754;-3600,8227212554;60,976;-910,54;132,731
0;3180,639;29433,3332252006;-2752,6529080155;-2679,03335120119;-3688,03191761975;62,475;-933,67;136,026
0;3259,015;30093,0924087764;-2816,98255631341;-2742,8100566871;-3776,30601357808;63,9922;-957,09;139,3614
0;3338,345;30760,5233557176;-2882,07713328829;-2807,34920104981;-3865,64478546371;65,5276;-980,8;142,7372
0;3418,629;31435,6221400495;-2947,93641973868;-2872,6506781276;-3956,04802300458;67,0812;-1004,8;146,1534
0;3499,867;32118,385065252;-3014,56020927227;-2938,71438784221;-4047,51552833642;68,653;-1029,09;149,61
0;3582,059;32808,8086477373;-3081,94830738371;-3005,54023576847;-4140,04711510171;70,243;-1053,67;153,107
0;3665,205;33506,8896017362;-3150,10053061096;-3073,12813274015;-4233,64260762609;71,8512;-1078,54;156,6444
0;3749,305;34212,6248254525;-3219,01670576251;-3141,47799448824;-4328,30184016433;73,4776;-1103,7;160,2222
0;3834,359;34926,0113883655;-3288,69666920854;-3210,58974130882;-4424,02465620929;75,1222;-1129,15;163,8404
0;3920,367;35647,0465195686;-3359,14026623005;-3280,46329775761;-4520,81090785774;76,785;-1154,89;167,499
0;4007,329;36375,7275970486;-3430,3473504204;-3351,09859236876;-4618,66045522764;78,466;-1180,92;171,198
0;4095,245;37112,0521378173;-3502,3177831345;-3422,49555739564;-4717,57316592214;80,1652;-1207,24;174,9374
0;4184,115;37856,0177888181;-3575,05143298112;-3494,6541285717;-4817,54891453594;81,8826;-1233,85;178,7172
0;4273,939;38607,6223185365;-3648,54817535468;-3567,57424488953;-4918,58758220018;83,6182;-1260,75;182,5374
0;4364,717;39366,8636092529;-3722,80789200271;-3641,25584839662;-5020,6890561624;85,372;-1287,94;186,398
0;4456,449;40133,7396498805;-3797,83047062608;-3715,69888400624;-5123,85322939846;87,144;-1315,42;190,299
0;4549,135;40908,2485293365;-3873,61580450896;-3790,90329932223;-5228,08000025358;88,9342;-1343,19;194,2404
0;4642,775;41690,3884304033;-3950,16379217613;-3866,86904447659;-5333,36927211008;90,7426;-1371,25;198,2222
0;4737,369;42480,157624035;-4027,47433707513;-3943,59607197858;-5439,72095307942;92,5692;-1399,6;202,2444
0;4832,917;43277,5544640741;-4105,54734728136;-4021,08433657458;-5547,13495571657;94,414;-1428,24;206,307
